515,513,585,349,655,350,640,521
514,513,585,349,655,350,639,521
514,513,584,349,655,350,640,520
514,513,585,349,655,350,639,521
514,513,585,349,655,350,639,521
514,513,585,349,655,350,639,521
514,513,585,349,655,350,639,521
514,513,585,349,655,350,639,520
514,513,585,349,655,350,639,521
514,513,585,349,655,350,639,521
514,513,585,349,655,350,639,521
514,513,585,349,655,350,639,521
514,513,585,349,655,350,639,521
514,513,585,349,655,350,639,521
514,513,585,349,655,350,639,521
514,513,585,349,655,350,639,521
514,513,585,349,655,350,639,521
514,513,585,349,655,350,639,521
514,513,585,349,655,350,639,521
514,513,585,349,655,350,639,521
514,513,585,349,655,350,639,521
514,513,585,349,655,350,639,521
514,513,585,349,655,350,639,521
514,513,585,349,655,350,639,521
514,513,585,349,655,350,639,521
514,513,585,349,655,350,639,521
514,513,585,349,655,350,639,521
514,513,585,349,655,350,639,521
514,513,585,349,655,350,639,521
514,513,585,349,655,350,639,521
514,513,585,349,655,350,639,521
514,513,585,349,655,350,639,521
514,513,585,349,655,350,639,521
514,513,585,349,655,350,639,521
514,513,585,349,655,350,639,521
514,513,585,349,655,350,639,521
514,513,585,349,655,350,639,521
514,513,585,349,655,350,639,521
514,513,585,349,655,350,639,521
514,513,585,349,655,350,639,521
514,513,585,349,655,350,639,521
514,513,585,349,655,350,639,521
514,513,585,349,655,350,639,521
514,513,585,349,655,350,639,521
514,513,585,349,655,350,639,521
514,513,585,349,655,350,639,521
514,513,585,349,655,350,639,521
514,513,585,349,655,350,639,521
514,513,585,349,655,350,639,521
514,513,585,349,655,350,639,521
514,513,585,349,655,350,639,521
514,513,585,349,655,350,639,521
514,513,585,349,655,350,639,521
514,513,585,349,655,350,639,521
514,513,585,349,655,350,639,521
514,513,585,349,655,350,639,521
514,513,585,349,655,350,639,521
514,513,585,349,655,350,639,521
514,513,585,349,655,350,639,521
514,513,585,349,655,350,639,521
514,513,585,349,655,350,639,521
514,513,585,349,655,350,639,521
514,513,585,349,655,350,639,521
514,513,585,349,655,350,639,521
514,513,585,349,655,350,639,521
514,513,585,349,655,350,639,521
514,513,585,349,655,350,639,521
514,513,585,349,655,350,639,521
514,513,585,349,655,350,639,521
514,513,585,349,655,350,639,521
514,513,585,349,655,350,639,521
514,513,585,349,655,350,639,521
514,513,585,349,655,350,639,521
514,513,585,349,655,350,639,521
514,513,585,349,655,350,639,521
514,513,585,349,655,350,639,521
514,513,585,349,655,350,639,521
514,513,585,349,655,350,639,521
516,513,585,348,655,350,641,520
517,513,586,348,656,350,642,520
518,513,586,348,657,350,643,521
519,513,587,348,657,349,645,521
521,513,588,348,658,349,646,521
522,513,589,348,659,350,647,521
523,513,590,348,659,349,649,521
525,513,590,348,661,349,650,521
527,513,591,348,661,349,652,521
527,513,592,348,662,349,652,521
528,513,592,348,662,349,653,520
529,513,592,348,662,349,654,520
531,513,593,348,664,349,656,520
532,513,594,348,664,349,657,520
533,513,595,348,665,349,658,520
534,512,595,348,665,349,659,520
535,512,596,348,666,349,660,520
538,512,597,348,667,349,663,520
539,512,598,348,668,350,664,520
540,512,599,348,669,349,666,520
541,512,599,348,669,349,667,520
542,512,600,348,670,349,667,520
543,512,600,348,670,349,668,520
543,512,600,348,670,349,668,520
544,512,601,348,671,350,669,520
545,512,601,348,671,350,670,520
546,512,602,348,672,350,671,520
548,512,603,348,673,349,673,520
549,512,604,348,673,349,674,520
550,512,604,348,674,349,676,520
551,512,605,348,675,349,676,520
553,512,606,348,676,349,679,520
557,512,608,348,678,349,682,520
558,512,609,348,679,350,684,520
560,512,610,348,680,350,686,520
561,512,610,348,680,349,687,520
563,512,611,348,681,349,689,520
564,512,612,348,682,350,690,520
566,512,613,348,683,349,692,520
568,512,614,348,684,349,694,520
569,512,614,348,685,349,694,520
569,512,615,348,685,350,695,520
570,512,615,348,685,350,696,520
571,512,615,348,686,350,696,520
571,512,616,348,686,350,697,520
573,513,617,348,687,350,698,521
576,513,618,349,688,350,701,521
578,513,619,349,689,350,703,521
579,513,620,349,690,350,705,521
583,513,622,349,692,350,708,521
585,513,624,349,694,350,711,521
588,513,625,349,695,350,714,521
590,513,626,349,696,350,716,521
593,513,628,349,698,350,719,521
595,513,629,349,699,350,721,521
600,513,632,349,702,350,726,521
602,513,633,349,703,350,728,521
605,513,635,349,705,350,731,521
608,513,636,349,707,350,735,521
610,512,637,349,707,350,736,520
614,512,639,349,709,350,740,520
616,512,640,349,710,350,741,520
619,512,642,349,712,350,745,520
621,512,643,349,713,350,747,520
624,512,645,349,715,350,750,520
626,512,646,349,716,350,752,520
629,512,648,349,718,350,755,520
632,512,650,349,720,350,758,520
634,512,651,349,721,350,760,520
637,513,653,349,723,350,764,520
639,513,654,349,724,350,765,521
642,513,655,349,725,350,769,521
645,513,657,349,727,350,771,521
646,513,658,349,728,350,773,521
648,513,659,349,729,350,775,521
652,513,661,349,731,350,779,521
655,513,662,349,732,350,782,521
657,513,663,349,733,350,783,521
661,513,665,349,735,350,787,521
662,513,666,349,736,350,789,521
666,513,668,349,738,350,793,521
667,513,669,349,739,350,794,521
670,513,671,349,741,350,797,521
672,513,672,349,742,350,799,521
676,513,674,349,744,350,803,521
679,513,676,349,746,350,806,521
682,513,677,349,747,350,808,521
686,513,679,349,749,350,813,521
691,513,682,349,752,350,818,521
693,513,684,349,754,350,821,521
698,513,686,349,756,350,825,521
700,513,687,349,757,350,827,521
705,513,690,349,760,350,832,521
708,513,691,349,762,350,835,521
710,513,693,349,763,350,837,521
715,513,696,349,766,350,842,521
718,513,697,349,767,350,845,521
724,513,700,349,770,350,851,521
728,513,703,349,773,350,856,521
730,512,704,349,774,350,858,520
733,512,706,348,776,350,861,520
735,512,707,348,777,350,862,520
740,512,709,348,779,350,867,520
742,512,711,348,781,350,870,520
746,512,713,348,783,350,874,520
748,512,714,348,784,350,875,520
751,512,716,348,785,349,878,520
753,511,717,348,787,349,880,519
757,511,719,348,789,349,884,519
761,511,721,348,791,349,888,519
763,511,722,348,792,349,890,519
766,511,724,348,794,349,893,519
767,511,725,348,795,349,895,518
770,510,726,348,796,349,897,518
771,510,727,348,797,349,899,518
775,510,729,348,799,349,903,518
777,510,731,348,800,349,905,518
781,510,733,348,802,349,908,518
784,510,734,348,804,349,912,518
787,510,736,348,805,349,914,518
788,510,737,348,806,349,916,518
794,510,740,348,809,349,921,518
799,510,742,348,812,349,926,518
800,510,744,348,813,349,928,518
802,510,745,348,814,349,930,517
805,510,746,348,816,349,933,517
809,510,748,348,818,349,936,517
812,509,750,348,819,349,939,517
818,509,754,348,823,349,946,517
824,509,757,348,826,349,951,517
826,509,758,348,827,349,954,517
830,509,760,348,830,349,958,517
832,509,761,348,831,349,960,517
835,509,763,348,832,349,963,517
836,509,764,348,833,349,964,517
840,509,766,348,835,349,968,517
842,509,767,348,836,349,970,517
846,510,769,348,838,349,974,517
850,510,771,348,840,349,978,517
852,510,772,348,842,349,980,517
855,510,774,348,843,349,983,517
862,510,778,348,847,349,990,517
866,509,780,348,850,349,994,517
868,509,782,348,851,349,996,517
874,509,785,347,854,349,1002,516
876,509,786,347,855,349,1004,516
881,509,789,347,858,349,1009,516
883,509,790,347,859,349,1011,516
886,508,792,347,861,349,1014,516
889,508,793,347,863,349,1017,516
893,508,795,347,865,349,1021,516
897,508,798,347,867,349,1026,516
900,508,799,347,868,349,1028,516
904,508,802,347,871,349,1032,516
907,508,803,347,872,349,1035,516
912,508,806,347,875,349,1041,516
915,508,808,347,877,349,1043,516
919,508,810,347,879,349,1048,516
922,508,812,347,881,349,1050,516
925,508,813,347,882,349,1053,516
932,508,817,347,886,349,1060,516
937,508,820,347,889,349,1066,515
940,508,822,347,891,348,1068,515
948,507,827,347,896,348,1077,515
952,507,829,347,898,348,1081,515
959,507,833,347,902,348,1088,514
962,507,835,347,904,348,1091,514
966,507,837,347,906,348,1094,514
972,506,840,347,909,348,1100,514
974,506,842,347,911,348,1103,514
978,506,844,347,913,348,1107,514
980,506,845,347,914,348,1109,514
985,506,847,346,916,348,1113,513
987,506,848,346,918,348,1115,513
990,505,850,346,919,348,1118,513
993,505,852,346,922,348,1122,513
995,505,853,346,922,348,1123,512
997,505,855,346,924,348,1126,512
998,504,855,346,924,348,1127,512
999,504,856,346,925,348,1128,512
1003,503,858,346,927,347,1131,511
1005,502,860,345,928,347,1133,509
1008,501,862,345,930,347,1135,508
1009,500,863,345,931,346,1136,507
1011,498,864,344,932,346,1138,506
1012,498,865,344,933,346,1138,505
1013,496,866,344,934,345,1139,504
1014,495,867,343,935,345,1139,502
1015,494,867,343,935,345,1140,501
1015,493,868,342,935,344,1140,500
1016,491,869,342,936,344,1140,498
1016,490,869,342,937,343,1140,497
1017,489,870,341,937,343,1140,496
1017,488,870,341,937,343,1141,495
1018,487,871,341,938,343,1140,494
1018,486,871,340,938,342,1140,493
1018,485,872,340,939,342,1140,492
1018,483,872,340,939,341,1140,490
1018,483,872,339,939,341,1139,490
1018,482,872,339,939,341,1139,489
1018,481,873,339,939,341,1139,488
1018,480,873,339,939,340,1138,487
1017,479,873,338,939,340,1138,485
1017,478,873,338,939,340,1137,485
1017,476,873,337,939,339,1136,483
1016,475,873,337,939,339,1135,481
1016,474,873,336,939,338,1134,480
1015,473,873,336,939,338,1134,479
1015,471,873,336,939,337,1132,478
1014,470,874,335,939,337,1131,476
1014,469,874,335,939,337,1131,476
1013,468,874,335,939,337,1130,475
1013,467,874,334,938,336,1129,473
1013,466,874,334,938,336,1128,472
1012,465,874,333,938,335,1128,471
1012,463,874,333,938,335,1126,469
1011,461,875,332,938,334,1125,467
1011,460,875,332,938,334,1125,466
1011,458,875,331,939,333,1124,464
1011,457,875,331,939,333,1123,463
1010,456,875,330,939,332,1123,462
1010,454,876,329,939,332,1122,460
1010,453,876,329,939,331,1121,459
1010,450,877,328,939,330,1120,456
1010,449,877,327,940,330,1119,454
1009,446,878,326,940,329,1118,451
1009,444,878,326,940,328,1118,450
1009,442,879,325,940,327,1117,447
1009,441,879,324,940,327,1116,446
1008,439,879,324,940,326,1115,444
1008,437,880,323,941,326,1114,442
1008,436,880,323,941,325,1113,441
1008,436,880,323,941,325,1113,441
1007,434,880,322,941,324,1112,439
1007,432,880,321,940,324,1110,437
1006,430,880,321,940,323,1109,435
1005,429,880,320,940,323,1107,434
1001,427,878,319,938,322,1103,432
998,426,877,319,936,322,1100,431
993,425,874,318,933,321,1094,429
990,424,873,318,932,321,1091,429
987,423,871,318,930,320,1088,428
982,423,868,318,927,320,1082,427
980,422,866,317,925,320,1080,427
977,422,864,317,923,320,1076,426
970,421,861,317,920,320,1070,426
970,421,861,317,920,320,1070,426
966,420,858,317,917,319,1065,425
958,419,853,316,912,319,1057,424
952,418,850,316,909,319,1050,423
950,418,848,316,907,318,1047,422
947,417,847,316,906,318,1045,422
942,416,844,315,903,318,1040,421
940,416,843,315,902,318,1037,420
935,414,840,315,898,317,1031,419
932,413,838,314,897,317,1028,418
926,412,835,313,893,316,1022,416
924,411,834,313,892,316,1019,415
917,410,829,313,888,315,1012,414
913,410,827,313,885,315,1008,414
909,410,825,313,883,315,1004,414
900,409,819,313,877,315,995,413
896,409,816,312,874,315,990,413
891,409,813,313,871,315,986,413
882,409,808,312,866,315,977,413
875,409,803,312,860,315,969,413
871,409,800,312,858,315,965,413
867,409,797,312,856,315,961,413
859,408,792,312,851,314,953,412
852,408,788,312,846,314,945,412
848,408,786,312,844,314,942,412
844,407,783,312,841,314,937,411
833,407,776,312,834,314,926,411
830,407,774,312,832,314,923,411
827,407,772,312,830,314,920,410
822,406,769,312,827,314,915,410
819,406,767,311,825,314,912,410
814,406,764,311,822,313,907,410
812,406,762,311,820,313,904,410
807,405,759,311,817,313,899,409
804,405,758,311,815,313,897,409
799,405,754,311,812,313,891,408
796,404,752,311,811,313,888,408
796,404,752,311,810,313,888,408
790,404,748,311,806,312,882,408
785,404,745,311,803,312,876,408
782,404,743,311,801,312,874,408
776,404,739,311,798,312,868,408
774,404,738,311,796,312,865,407
771,404,736,310,794,312,863,407
764,403,732,310,790,312,856,407
761,403,730,310,788,312,852,407
754,403,725,310,783,312,845,407
750,403,722,310,781,312,841,407
743,403,718,310,776,312,834,407
736,403,713,310,771,312,826,406
732,403,710,310,769,312,823,406
726,402,707,310,765,312,817,406
724,402,705,310,764,312,815,406
720,402,703,310,761,311,810,405
718,402,701,310,760,311,808,405
713,401,698,310,757,311,803,405
710,401,697,310,755,311,801,405
707,401,694,310,753,311,797,405
703,401,692,310,750,311,793,405
694,401,686,309,744,311,784,404
685,401,679,309,738,311,774,404
680,401,677,309,735,311,770,404
672,400,672,309,730,311,762,404
669,400,669,309,728,311,759,404
661,400,664,309,723,311,751,404
657,400,662,309,721,311,747,404
650,400,657,309,716,310,740,403
647,400,655,309,714,310,736,403
641,400,651,309,710,310,730,403
638,399,649,309,708,310,727,403
632,399,645,309,704,310,722,403
629,399,643,309,702,310,719,403
624,399,640,309,699,310,713,403
621,399,638,309,697,310,710,403
615,399,634,309,693,310,704,403
612,399,632,309,691,310,701,403
604,400,627,309,686,310,694,403
601,400,625,309,684,310,690,403
593,400,619,309,679,310,682,403
588,400,617,309,676,310,678,403
579,400,610,309,670,310,668,403
575,400,608,309,667,310,664,403
566,400,602,309,662,310,656,403
563,400,600,309,659,310,652,403
554,400,594,309,654,310,644,404
550,400,592,309,651,310,640,404
541,400,585,309,645,310,630,404
537,400,583,310,643,310,627,404
530,401,579,310,639,311,620,404
526,401,576,310,636,311,616,404
519,401,571,310,631,311,609,404
515,401,569,310,629,311,605,404
512,401,567,310,627,311,602,404
504,401,562,310,622,311,594,404
498,401,558,310,618,311,588,405
495,401,556,310,616,311,585,405
489,401,552,310,612,311,579,404
486,401,550,310,610,311,576,404
482,401,547,310,608,311,572,404
477,401,544,310,605,311,567,404
472,401,540,310,601,310,562,404
469,401,538,310,599,310,559,404
462,400,534,310,595,310,552,404
456,400,530,309,591,310,546,403
454,400,528,309,589,310,543,403
452,400,527,309,588,310,541,403
446,400,523,309,584,310,535,403
441,399,520,309,581,310,530,402
439,399,519,309,579,310,528,402
434,399,515,309,576,310,523,402
431,399,513,309,574,310,521,402
427,399,510,309,571,310,516,402
427,399,510,309,571,310,516,402
419,399,505,309,567,310,508,402
411,399,500,309,561,310,500,402
407,399,498,309,559,310,496,402
398,400,492,309,553,310,487,403
389,400,486,310,548,310,479,403
385,400,483,310,545,310,475,403
378,400,479,310,540,310,468,403
374,400,477,310,538,310,465,404
368,401,472,310,534,310,458,404
365,401,471,310,532,310,455,404
358,401,466,310,528,310,448,404
355,401,464,310,526,311,446,404
352,401,462,310,524,311,443,404
345,402,458,310,520,311,436,405
343,402,457,310,519,311,434,405
342,402,456,310,518,311,432,405
339,402,454,311,516,311,430,406
337,403,453,311,515,311,428,406
337,403,453,311,515,311,428,406
332,403,450,311,512,311,423,406
326,403,445,311,508,311,417,406
323,403,444,311,506,311,414,406
317,403,440,311,503,311,409,407
314,404,438,311,501,311,405,407
310,404,435,311,498,311,401,407
303,404,431,311,494,312,394,407
297,405,427,311,490,312,388,408
294,405,425,312,489,312,386,408
289,405,422,312,485,312,381,408
287,406,421,312,484,312,379,409
284,406,419,312,482,312,376,409
282,406,418,312,481,312,374,409
281,406,417,312,481,312,373,409
280,406,417,312,480,312,372,409
277,406,415,312,478,313,369,409
274,406,413,312,477,313,367,409
273,406,412,312,476,313,366,409
271,406,411,312,475,313,364,409
268,406,409,312,472,312,361,409
267,406,408,312,471,312,359,409
265,405,406,312,470,312,357,408
263,405,405,311,468,312,355,408
262,404,404,311,467,312,353,407
258,404,401,311,464,311,349,406
256,403,400,311,463,311,347,406
252,403,397,311,460,311,343,406
250,403,396,311,459,311,341,405
245,402,393,310,456,311,337,405
243,402,391,310,454,311,334,405
238,401,388,310,451,310,329,404
236,401,386,310,449,310,327,404
232,401,383,310,446,310,322,403
230,400,382,310,445,310,320,403
226,400,379,310,442,310,317,403
224,400,378,310,441,310,315,403
221,400,375,310,438,310,311,403
218,400,374,310,437,310,308,403
217,400,373,310,436,310,307,403
214,401,372,310,435,310,305,404
213,401,371,310,434,310,304,404
211,402,370,310,433,311,302,405
210,402,369,310,433,311,301,405
209,402,369,310,432,311,301,405
209,402,369,310,432,311,300,405
208,403,368,311,432,311,300,405
207,403,368,311,432,311,299,406
207,403,368,311,431,311,299,406
206,403,368,311,431,311,298,406
206,404,367,311,431,311,298,406
205,404,367,311,431,311,297,407
204,404,367,311,430,311,296,407
204,405,367,311,430,312,296,408
204,405,367,312,430,312,296,408
204,406,367,312,431,313,296,409
204,408,368,313,432,313,297,411
205,408,369,313,433,313,298,411
205,409,369,313,433,314,298,412
205,410,370,313,434,314,298,413
206,411,370,314,435,314,300,414
206,412,371,314,436,315,301,415
208,413,373,315,437,315,302,416
209,415,374,315,439,316,304,418
209,415,375,316,440,316,305,418
211,416,376,316,441,316,306,420
211,417,377,316,442,317,307,420
213,419,379,317,444,317,310,422
214,420,380,317,445,318,311,423
216,421,382,318,447,319,313,425
218,423,384,319,450,319,316,426
219,424,384,319,451,319,317,427
220,424,385,319,451,320,318,428
221,425,386,320,452,320,319,429
222,426,387,320,454,320,321,430
224,428,389,321,456,321,323,432
225,429,390,321,457,321,324,432
226,430,392,321,459,322,326,434
227,431,393,322,460,322,328,435
228,432,393,322,460,322,328,436
230,434,395,323,463,323,331,438
231,436,396,324,464,324,332,439
232,438,398,324,466,325,334,441
233,439,399,325,467,325,336,443
233,439,399,325,467,325,336,443
234,441,400,325,469,326,337,444
236,442,401,326,470,326,339,445
236,442,402,326,470,326,339,446
237,443,403,326,471,326,340,447
238,444,404,327,473,327,342,448
239,446,405,327,474,327,344,450
240,447,407,327,475,328,345,451
243,449,409,328,478,329,348,453
244,450,410,329,479,329,350,454
247,453,412,330,482,330,353,457
248,455,414,330,484,331,355,459
251,458,417,331,487,332,359,462
253,459,418,332,489,332,361,464
255,461,420,332,490,333,363,465
256,462,421,333,491,333,365,467
258,465,423,334,494,334,368,469
258,465,424,334,495,334,369,470
259,466,425,334,496,335,370,471
260,467,425,335,496,335,371,472
262,469,427,335,498,335,373,473
264,471,428,336,500,336,375,476
263,471,428,336,500,336,375,476
264,472,430,336,501,336,377,477
266,474,431,337,502,337,378,479
266,475,432,337,503,337,379,480
267,476,432,337,504,338,380,480
268,477,433,338,505,338,382,482
269,477,434,338,506,338,383,483
270,479,435,339,507,339,384,484
271,480,436,339,508,339,386,485
272,481,437,339,509,339,387,486
273,482,437,340,510,340,388,487
273,482,438,340,511,340,389,488
275,483,439,340,512,340,390,489
276,485,440,341,513,341,392,490
276,486,441,341,514,341,393,491
278,487,442,341,515,341,395,493
279,488,443,342,516,342,396,494
280,489,444,342,517,342,397,495
281,491,445,342,519,343,399,497
282,492,446,343,519,343,400,498
284,493,447,343,521,343,402,499
284,494,448,343,521,344,403,500
285,495,448,344,522,344,404,501
286,497,450,344,524,344,406,502
288,498,451,345,525,345,408,504
288,499,451,345,526,345,409,505
290,500,452,346,527,345,411,506
290,501,453,346,527,346,411,507
292,502,454,346,529,346,413,508
292,503,455,346,529,346,414,509
294,504,456,347,531,347,416,510
294,505,456,347,531,347,417,511
295,505,457,347,532,347,417,511
296,506,458,348,533,347,419,513
296,507,458,348,533,348,419,513
297,507,459,348,534,348,420,514
298,508,459,348,535,348,422,515
299,509,460,349,535,348,422,516
300,510,461,349,536,349,424,517
301,511,462,349,537,349,425,518
301,512,462,349,537,349,426,518
302,512,462,349,538,349,427,519
303,514,464,350,539,349,429,520
304,514,464,350,540,350,429,520
304,515,464,350,540,350,430,521
305,515,465,350,540,350,430,521
306,516,466,351,542,350,432,522
307,517,466,351,542,350,433,523
307,517,466,351,542,351,433,524
308,518,467,351,543,351,434,524
308,518,467,351,544,351,435,525
309,519,468,351,544,351,436,525
309,519,468,351,545,351,436,526
311,521,469,352,546,351,438,527
311,521,470,352,546,352,439,528
313,522,471,352,547,352,441,529
313,523,471,353,548,352,441,529
313,523,472,353,548,352,442,530
314,524,472,353,549,353,443,531
315,524,473,353,549,353,443,531
315,525,473,353,550,353,444,532
316,525,473,353,550,353,445,532
317,526,474,354,551,353,446,533
317,527,475,354,551,353,447,533
318,527,475,354,552,353,448,534
318,527,475,354,552,353,448,534
319,527,475,354,552,353,448,534
320,528,476,354,553,354,450,535
322,529,477,354,554,354,452,535
322,529,478,354,555,354,452,536
323,529,478,354,555,354,454,536
324,530,479,354,556,354,454,536
326,530,480,354,557,354,457,536
329,530,482,354,559,354,459,536
331,530,483,354,560,354,462,537
334,530,485,354,562,354,465,537
336,530,485,354,562,354,466,537
340,530,488,355,565,354,471,537
342,530,489,355,566,354,472,537
343,530,489,355,566,354,473,537
344,530,490,355,567,354,474,537
345,530,490,355,567,354,475,537
346,530,491,354,568,354,476,537
346,530,491,355,568,354,476,537
346,530,491,355,568,354,477,537
347,530,491,355,568,354,477,537
347,530,492,355,569,354,478,537
348,530,492,355,569,354,478,537
349,530,492,355,569,354,479,537
352,530,494,355,571,354,482,537
353,530,495,355,572,354,484,536
355,530,496,355,573,354,486,536
356,530,496,355,573,354,487,536
358,530,497,354,574,354,488,536
361,530,499,354,576,354,492,536
364,530,501,354,578,354,494,536
365,530,501,355,578,354,496,536
366,530,502,354,579,354,497,536
368,530,503,355,580,354,499,537
371,530,505,354,581,354,502,537
377,530,508,355,585,354,508,537
380,530,510,355,586,354,511,537
383,530,511,355,588,354,514,537
387,531,513,355,590,354,518,537
390,531,515,355,592,354,521,537
393,531,516,355,593,354,524,537
395,531,517,355,594,355,526,538
395,531,517,355,594,355,526,538
397,531,519,355,596,355,528,538
399,531,520,355,597,355,530,538
404,532,523,355,600,355,536,539
408,532,525,355,602,355,539,539
412,532,527,355,604,355,543,539
418,533,530,355,608,355,550,540
421,533,532,355,609,355,553,540
425,533,534,355,611,355,557,540
431,534,538,356,615,355,563,540
434,534,539,356,617,355,566,541
437,534,541,356,618,355,570,541
444,534,544,356,622,355,576,541
448,534,547,356,624,355,580,541
451,534,549,356,626,355,584,541
455,534,551,356,628,356,587,541
458,535,552,356,629,356,591,541
460,535,554,356,631,356,593,542
467,535,557,356,634,356,600,542
471,535,559,356,636,356,604,542
477,535,563,356,640,356,610,543
480,536,564,356,641,356,613,543
482,536,566,356,643,356,615,543
484,536,567,356,644,356,617,543
489,536,570,356,647,356,623,543
492,536,571,356,648,356,625,543
494,536,572,356,649,356,627,543
499,537,575,356,652,356,633,543
504,537,577,356,655,356,637,544
506,537,578,356,656,356,639,544
509,537,580,356,658,356,643,544
512,537,582,357,659,356,646,544
517,537,585,357,662,356,652,544
520,537,586,357,663,356,654,544
524,538,589,357,666,356,659,545
526,538,590,357,667,356,660,545
530,538,592,357,669,356,664,545
532,538,593,357,670,356,666,545
535,538,594,357,671,356,669,545
538,538,596,357,673,356,672,545
540,538,597,357,674,356,674,545
543,538,599,357,676,356,678,545
545,538,600,357,677,356,679,545
547,538,601,357,678,356,681,545
552,538,603,357,680,356,686,545
553,538,604,357,681,356,688,545
557,538,606,357,683,356,691,545
562,537,609,357,686,356,696,544
564,537,610,357,687,356,698,544
566,537,611,357,688,356,700,544
568,537,612,357,689,356,702,544
569,537,613,357,690,356,703,544
572,537,614,356,691,356,706,544
574,537,615,356,692,356,708,544
576,537,616,356,693,356,710,544
579,537,618,356,695,356,713,544
581,536,619,356,696,356,715,543
584,536,621,356,697,356,718,543
585,536,621,356,698,356,719,543
588,536,623,356,700,356,722,543
589,536,624,356,700,356,723,543
592,536,625,356,702,356,726,543
594,536,626,356,703,356,728,543
595,536,627,356,703,356,729,543
596,536,627,356,704,356,730,543
598,536,628,356,705,356,732,543
599,536,629,356,706,356,733,543
602,536,630,356,707,356,736,543
603,536,631,356,707,356,737,543
604,536,632,356,708,356,738,543
605,536,632,356,709,356,739,543
606,536,632,356,709,356,740,543
607,536,633,356,709,356,740,543
607,536,633,356,710,356,741,543
607,536,633,356,710,356,741,543
607,536,633,356,710,356,741,543
607,536,633,356,710,356,742,543
608,536,633,356,710,356,742,543
608,536,633,356,710,356,742,543
608,536,633,356,710,356,742,543
608,536,634,356,710,356,742,543
608,536,634,356,710,356,742,543
608,536,634,356,710,356,742,543
608,536,634,356,710,356,742,543
608,536,634,356,710,356,742,543
608,536,634,356,710,356,742,543
608,536,634,356,710,356,742,543
608,536,634,356,710,356,742,543
608,536,634,356,710,356,742,543
608,536,634,356,710,356,742,543
608,536,634,356,710,356,742,543
608,536,634,356,710,356,742,543
608,536,634,356,710,356,742,543
608,536,634,356,710,356,742,543
608,536,634,356,710,356,742,543
608,536,634,356,710,356,742,543
608,536,634,356,710,356,742,543
608,536,634,356,710,356,742,543
608,536,634,356,710,356,742,543
608,536,634,356,710,356,742,543
608,536,634,356,710,356,742,543
608,536,634,356,710,356,742,543
608,536,634,356,710,356,742,543
608,536,634,356,710,356,742,543
608,536,634,356,710,356,742,543
608,536,634,356,710,356,742,543
608,536,634,356,710,356,742,543
608,536,634,356,710,356,742,543
608,536,634,356,710,356,742,543
608,536,634,356,710,356,742,543
608,536,634,356,710,356,742,543
608,536,634,356,710,356,742,543
608,536,634,356,710,356,742,543
608,536,634,356,710,356,742,543
608,536,634,356,710,356,742,543
608,536,634,356,710,356,742,543
608,536,634,356,710,356,742,543
608,536,634,356,710,356,742,543
608,536,634,356,710,356,742,543
608,536,634,356,710,356,742,543
608,536,634,356,710,356,742,543
608,536,634,356,710,356,742,543
608,536,634,356,710,356,742,543
608,536,634,356,710,356,742,543
608,536,634,356,710,356,742,543
608,536,634,356,710,356,742,543
608,536,634,356,710,356,742,543
608,536,634,356,710,356,742,543
608,536,634,356,710,356,742,543
608,536,634,356,710,356,742,543
608,536,634,356,710,356,742,543
608,536,634,356,710,356,742,543
608,536,634,356,710,356,742,543
608,536,634,356,710,356,742,543
608,536,634,356,710,356,742,543
608,536,634,356,710,356,742,543
608,536,634,356,710,356,742,543
608,536,634,356,710,356,742,543
608,536,634,356,710,356,742,543
608,536,634,356,710,356,742,543
608,536,634,356,710,356,742,543
608,536,634,356,710,356,742,543
608,536,634,356,710,356,742,543
608,536,634,356,710,356,742,543
608,536,634,356,710,356,742,543
608,536,634,356,710,356,742,543
608,536,634,356,710,356,742,543
608,536,634,356,710,356,742,543
608,536,634,356,710,356,742,543
608,536,634,356,710,356,742,543
608,536,634,356,710,356,742,543
608,536,634,356,710,356,742,543
608,536,634,356,710,356,742,543
608,536,634,356,710,356,742,543
608,536,634,356,710,356,742,543
608,536,634,356,710,356,742,543
608,536,634,356,710,356,742,543
608,536,634,356,710,356,742,543
608,536,634,356,710,356,742,543
608,536,634,356,710,356,742,543
608,536,634,356,710,356,742,543
608,536,634,356,710,356,742,543
608,536,634,356,710,356,742,543
608,536,634,356,710,356,742,543
608,536,634,356,710,356,742,543
608,536,634,356,710,356,742,543
608,536,634,356,710,356,742,543
608,536,634,356,710,356,742,543
608,536,634,356,710,356,742,543
608,536,634,356,710,356,742,543
608,536,634,356,710,356,742,543
608,536,634,356,710,356,742,543
608,536,634,356,710,356,742,543
608,536,634,356,710,356,742,543
608,536,634,356,710,356,742,543
608,536,634,356,710,356,742,543
609,535,634,356,711,356,742,542
609,534,634,356,711,355,743,541
610,534,634,356,711,355,743,540
611,531,635,355,711,355,743,538
611,530,635,354,711,354,743,536
612,529,635,354,711,354,743,535
612,527,636,354,711,353,743,534
613,525,636,353,712,353,744,532
614,523,636,353,712,352,744,530
614,523,636,352,712,352,744,529
615,522,637,352,712,352,744,528
615,521,637,352,712,352,744,527
616,519,637,351,712,351,744,526
616,519,637,351,712,351,744,525
617,517,638,351,712,350,744,523
617,516,638,350,712,350,744,522
618,514,638,350,713,350,744,520
618,513,638,350,713,349,745,519
619,512,638,349,713,349,745,518
619,511,639,349,713,349,745,517
620,510,639,348,713,348,745,516
620,509,639,348,713,348,745,515
620,507,639,348,713,347,745,513
620,506,639,347,713,347,745,512
621,505,640,347,713,347,745,511
622,503,640,346,713,346,744,509
622,502,640,346,713,346,744,507
622,500,640,345,713,345,744,506
623,497,640,344,713,344,744,503
624,496,641,344,713,344,744,501
624,494,641,344,713,343,744,500
625,491,641,343,713,342,744,496
625,489,642,342,713,342,744,494
626,485,642,341,713,341,743,490
626,483,642,340,713,340,743,488
626,482,642,340,713,339,742,486
627,478,642,339,713,339,741,483
627,477,642,338,712,338,741,481
627,475,642,338,712,337,741,480
627,473,642,337,712,337,740,478
627,472,642,336,712,336,740,476
627,471,642,336,712,336,739,475
627,468,642,335,712,335,739,473
627,467,642,335,711,335,739,472
628,466,642,334,711,335,738,470
628,465,642,334,711,334,738,469
628,464,642,334,711,334,738,469
628,463,642,333,711,334,738,468
628,462,642,333,711,333,737,467
628,461,642,333,711,333,737,466
628,460,642,332,711,333,737,465
628,459,642,332,711,332,737,463
629,456,643,331,711,332,736,461
629,455,643,331,711,331,736,459
629,454,643,330,711,331,736,458
630,451,643,329,711,330,736,456
630,450,643,329,711,329,736,454
631,448,644,328,711,329,736,453
631,447,644,328,711,328,736,451
632,445,644,327,711,327,736,449
632,443,644,326,711,327,735,447
633,442,645,326,711,326,735,445
633,440,645,325,711,326,735,443
634,436,646,324,711,324,735,440
635,434,646,323,711,323,735,437
636,429,647,321,711,322,735,433
638,424,647,319,711,320,735,427
638,422,648,318,711,319,734,425
639,419,648,317,711,318,734,422
641,413,650,315,712,316,734,416
642,410,650,314,712,315,735,413
643,408,651,313,712,314,735,410
644,403,652,311,712,312,734,406
645,401,652,310,712,311,734,404
646,399,652,309,713,310,734,402
646,398,653,309,713,310,734,400
647,395,653,308,713,309,734,398
647,395,653,307,713,308,734,397
648,394,654,307,713,308,734,396
648,393,654,306,713,307,734,395
649,391,654,306,713,307,734,393
649,390,654,305,713,306,734,393
649,390,654,305,713,306,734,393
649,389,655,305,713,306,734,391
649,387,655,304,713,305,734,390
650,386,655,304,713,305,734,389
650,386,655,303,713,305,734,388
650,385,655,303,713,304,734,387
650,384,655,303,713,304,734,386
650,383,656,302,713,304,734,385
650,383,656,302,713,304,734,385
651,381,656,301,713,303,734,383
651,380,656,301,713,302,733,382
651,380,656,301,713,302,733,382
651,379,656,300,713,302,733,381
651,379,656,300,713,302,733,381
652,377,656,300,713,301,733,379
652,376,657,299,713,301,733,378
652,375,657,299,713,300,733,377
653,374,657,298,713,300,733,376
653,374,657,298,713,300,733,376
653,373,657,298,713,299,733,375
653,371,657,297,713,299,733,373
654,371,658,297,713,298,733,373
654,370,658,296,713,298,733,372
655,368,658,295,714,297,733,370
655,367,659,295,714,297,733,369
656,366,659,294,714,296,733,368
656,364,659,294,714,295,733,366
657,363,660,293,714,295,733,365
657,363,660,293,714,295,733,364
657,361,660,292,714,294,733,362
657,360,660,292,714,294,732,362
657,359,660,291,714,293,732,361
657,357,660,290,713,292,732,359
657,357,660,290,713,292,732,359
658,355,660,289,713,291,732,357
658,354,660,289,713,291,731,356
658,353,661,288,713,290,731,354
658,352,661,288,713,290,731,353
658,351,661,287,713,289,731,352
658,350,661,287,713,289,730,351
658,350,661,287,713,289,730,351
658,350,661,287,713,289,730,351
658,349,661,287,713,288,730,351
659,349,661,286,713,288,730,350
659,348,661,286,713,288,730,349
659,347,661,286,713,287,730,348
659,346,661,285,713,287,730,347
659,346,661,285,713,287,730,347
659,345,661,285,713,287,730,346
659,345,661,284,713,286,730,346
659,345,661,284,713,286,730,346
659,344,661,284,712,286,729,345
659,343,661,284,712,286,728,344
658,343,661,283,712,285,728,344
658,342,661,283,711,285,728,343
658,342,660,283,711,285,727,343
658,342,660,283,711,285,727,342
657,341,660,283,710,285,726,342
656,341,659,282,710,284,725,342
655,341,659,282,709,284,724,342
654,340,658,282,708,284,723,341
653,340,657,282,707,284,722,341
651,341,655,282,706,284,720,342
649,341,654,282,705,284,718,342
647,341,652,283,703,284,716,342
645,341,651,283,702,284,714,342
643,342,650,283,701,285,712,342
640,342,648,283,698,285,709,343
638,342,646,283,697,285,707,343
634,342,643,283,694,285,703,343
632,342,642,283,693,285,702,343
629,342,639,283,690,285,698,343
627,342,638,283,689,285,696,343
624,342,636,283,687,285,693,343
622,342,634,283,686,285,691,343
620,342,633,283,684,285,689,343
617,342,631,283,682,285,686,343
611,343,626,283,678,285,681,344
605,343,622,284,674,285,675,344
602,343,620,284,672,285,672,344
597,343,617,284,668,285,667,344
595,344,615,284,666,285,664,344
592,344,613,284,665,285,662,345
588,344,610,284,662,286,658,345
586,345,608,284,661,286,656,346
582,345,606,285,658,286,652,346
580,346,604,285,657,286,650,347
576,347,602,286,655,287,647,348
575,347,601,286,654,287,646,348
573,348,599,286,652,287,644,349
570,349,598,286,651,288,641,350
568,349,596,287,650,288,640,351
567,350,595,287,649,288,638,351
563,351,593,288,647,289,635,352
560,353,590,289,644,290,632,354
560,353,590,289,644,290,632,354
557,354,589,289,643,290,630,355
555,355,588,289,642,291,628,356
553,356,586,290,641,291,627,357
551,357,585,290,640,291,625,358
548,359,583,291,638,292,622,360
546,360,582,292,637,293,621,361
543,361,580,293,636,293,618,363
541,362,579,293,635,294,617,364
537,365,576,294,632,295,613,366
537,365,576,294,632,295,613,366
534,366,575,295,631,296,611,368
533,367,574,295,630,296,610,369
532,368,573,295,630,296,609,369
529,370,571,296,629,297,607,372
528,371,571,297,628,298,606,372
526,372,570,297,627,298,605,374
524,373,568,298,626,299,603,375
523,375,567,299,626,299,602,377
521,376,567,299,625,300,601,378
519,378,565,300,624,301,599,380
517,379,565,300,623,301,598,381
516,380,564,301,623,302,597,382
516,380,564,301,623,302,597,382
513,382,562,302,622,303,595,384
511,384,561,303,621,304,593,387
509,385,560,303,620,304,593,388
509,386,560,304,620,304,592,388
507,387,559,304,620,305,591,390
507,388,559,305,619,305,591,390
506,389,558,305,619,306,590,391
504,391,557,306,618,306,589,394
503,393,557,307,618,307,588,395
501,395,556,307,617,308,587,397
499,397,555,308,617,309,585,400
498,398,554,309,616,309,585,401
497,399,554,309,616,310,584,402
496,400,553,310,616,310,583,403
494,402,553,310,615,311,583,404
491,405,551,312,614,312,580,408
489,406,550,312,614,313,579,409
486,409,549,313,613,314,577,412
484,411,547,314,612,314,576,414
483,413,547,315,612,315,575,416
481,414,546,316,611,316,574,417
478,417,545,317,610,317,572,420
477,418,544,317,610,317,571,421
476,420,543,318,609,318,570,423
473,422,542,319,608,319,568,425
472,423,542,319,608,319,568,426
472,423,542,319,608,319,567,427
470,425,541,320,608,320,566,429
470,426,541,320,608,320,566,429
469,427,541,320,607,320,565,430
468,428,540,321,607,321,565,431
467,430,540,322,607,322,564,434
466,432,540,322,607,322,564,435
466,432,539,323,607,323,564,436
464,434,539,323,607,323,563,437
462,436,538,324,606,324,561,440
461,437,537,324,606,324,561,441
459,439,537,325,605,325,559,443
458,440,536,326,605,325,559,444
455,444,535,327,604,327,557,448
454,445,534,327,604,327,556,450
451,448,533,328,603,328,554,453
450,450,533,329,603,329,554,454
449,451,533,329,603,329,553,455
448,454,532,330,603,330,552,458
447,455,532,331,602,330,552,460
445,458,531,332,602,332,551,463
441,462,530,333,601,333,549,467
440,464,529,334,601,333,548,469
439,466,529,334,601,334,547,470
437,467,528,335,601,335,547,472
436,469,528,336,601,335,546,474
433,474,527,337,600,337,545,479
432,476,527,338,600,337,544,481
430,479,526,339,600,338,543,484
426,485,525,341,599,340,541,491
426,485,525,341,599,340,541,491
424,488,524,342,599,341,540,493
421,493,523,343,599,343,538,498
421,493,523,343,599,343,538,498
419,495,523,344,598,343,537,501
419,495,523,344,598,343,537,501
416,501,522,346,598,345,536,507
415,503,522,347,598,346,535,509
414,505,521,347,598,346,535,511
414,505,521,347,598,346,535,511
412,508,521,348,598,347,534,514
410,510,521,349,598,348,534,516
409,513,520,350,598,349,533,519
409,513,520,350,598,349,533,519
407,516,520,351,598,350,532,522
406,518,520,351,598,350,532,525
406,519,520,352,598,351,532,526
406,521,520,352,599,351,533,528
406,522,521,353,599,351,533,529
406,523,521,353,599,352,534,530
407,524,521,353,600,352,534,531
407,526,522,354,600,352,535,532
408,528,523,354,601,353,537,534
409,529,523,355,602,353,538,536
409,530,523,355,602,353,538,536
409,530,524,355,603,354,539,537
410,532,524,355,604,354,540,538
411,532,525,356,604,354,541,539
413,534,526,356,605,355,543,540
414,534,527,356,606,355,545,541
418,536,529,357,609,355,549,542
420,536,530,357,610,355,551,543
422,537,532,357,611,355,554,543
427,538,534,357,614,356,559,545
429,538,536,357,616,356,562,545
434,539,538,357,618,356,566,546
436,539,540,358,619,356,568,546
439,540,541,358,621,356,572,547
441,541,543,358,623,357,575,547
443,541,544,358,624,357,576,548
447,542,546,358,626,357,580,549
449,542,547,358,627,357,582,549
451,542,548,358,628,357,585,549
456,543,551,358,631,357,590,550
456,543,551,358,631,357,590,550
461,543,554,359,634,357,595,550
463,543,555,359,635,357,597,550
469,544,558,359,638,358,603,551
471,544,559,359,639,357,605,551
476,545,562,359,642,358,611,552
479,545,563,359,644,358,613,552
482,545,565,359,645,358,616,552
487,546,568,359,648,358,622,553
491,546,570,359,650,358,626,553
493,546,571,360,651,358,628,554
495,547,572,360,652,358,630,554
498,547,574,360,654,358,634,554
500,547,575,360,655,358,636,554
502,547,576,360,656,358,638,554
504,547,577,360,657,358,640,555
511,548,581,360,661,359,647,555
513,548,582,360,662,359,649,555
518,549,584,360,665,359,654,556
522,549,587,360,667,359,658,556
526,549,589,360,669,359,662,556
529,549,591,360,671,359,665,556
537,550,595,360,675,359,674,557
543,550,598,360,678,359,680,557
547,550,600,360,680,359,684,557
556,550,605,360,685,359,693,558
560,550,607,360,687,359,697,558
565,550,610,360,690,359,702,558
569,550,612,360,692,359,706,558
578,550,616,360,697,359,715,558
585,551,620,361,700,359,722,558
588,551,622,361,702,359,725,558
593,551,624,361,705,359,730,558
597,551,627,360,707,359,734,558
598,551,627,360,708,359,736,558
600,551,628,360,709,359,738,558
601,551,629,361,709,359,739,558
602,551,629,360,710,359,739,558
603,551,630,360,710,359,741,558
604,551,630,360,710,359,741,558
604,551,630,360,711,359,742,558
605,551,631,360,711,359,742,558
605,551,631,360,711,359,742,558
605,551,631,360,711,359,743,558
605,551,631,360,711,359,743,558
605,551,631,360,711,359,743,558
606,551,631,360,711,359,743,558
606,551,631,360,711,359,743,558
606,551,631,360,711,359,743,558
606,551,631,360,711,359,743,558
606,551,631,360,711,359,743,558
606,551,631,360,711,359,743,558
606,551,631,360,711,359,743,558
606,551,631,360,711,359,743,558
606,551,631,360,711,359,743,558
606,551,631,360,711,359,743,558
606,551,631,360,711,359,743,558
606,551,631,360,711,359,743,558
606,551,631,360,711,359,743,558
606,551,631,360,711,359,743,558
606,551,631,360,711,359,743,558
606,551,631,360,711,359,743,558
606,551,631,360,711,359,743,558
606,551,631,360,711,359,743,558
606,551,631,360,711,359,743,558
606,551,631,360,711,359,743,558
606,551,631,360,711,359,743,558
606,551,631,360,711,359,743,558
606,551,631,360,711,359,743,558
606,551,631,360,711,359,743,558
606,551,631,360,711,359,743,558
606,551,631,360,711,359,743,558
606,551,631,360,711,359,743,558
606,551,631,360,711,359,743,558
606,551,631,360,711,359,743,558
606,551,631,360,712,359,743,558
606,551,631,361,712,359,743,558
606,551,631,361,712,359,743,558
608,551,635,361,715,360,745,558
608,550,636,361,717,360,745,558
610,550,642,362,722,361,748,558
612,550,645,362,726,362,749,558
613,550,647,363,728,362,750,558
615,549,653,364,734,363,752,558
617,550,657,365,737,364,753,558
618,550,660,366,740,366,754,558
619,550,663,367,743,367,755,559
619,550,663,367,743,367,755,559
620,550,664,368,744,367,756,559
620,550,665,368,745,367,756,559
620,550,665,369,746,368,756,559
620,550,666,369,746,368,756,559
622,550,670,370,750,369,758,559
624,550,674,370,754,369,759,559
624,550,674,370,754,369,759,559
625,550,676,370,756,370,760,559
626,549,679,370,759,370,761,559
627,549,681,371,761,370,762,559
632,549,692,372,773,372,767,559
634,548,698,373,779,373,769,559
636,548,702,373,783,373,771,559
638,548,707,373,787,373,772,559
640,547,712,373,793,374,774,558
643,547,718,374,799,374,777,558
644,547,720,374,800,374,777,558
644,547,721,375,802,375,778,558
646,547,726,375,807,376,780,558
649,546,733,376,813,377,783,558
654,546,743,378,824,378,787,558
656,546,748,378,829,379,789,558
656,546,748,378,829,379,789,558
661,545,760,379,841,380,793,558
666,544,771,379,852,380,798,558
670,544,782,379,863,381,802,558
670,544,782,379,863,381,802,558
679,543,800,380,882,382,810,557
679,543,800,380,882,382,810,557
685,542,813,381,896,383,815,557
685,542,813,381,896,383,815,557
690,541,825,382,908,384,820,557
690,541,825,382,908,384,820,557
695,541,836,383,919,385,824,557
696,541,840,383,922,386,826,557
698,541,844,383,926,386,827,557
698,540,844,383,927,386,827,557
704,539,856,382,939,385,832,556
706,539,861,382,944,385,834,556
708,538,865,382,948,384,836,556
708,538,867,382,950,384,837,555
709,538,869,381,952,384,838,555
710,538,870,381,953,384,838,555
710,538,871,381,954,384,838,555
712,537,873,381,957,384,839,555
714,537,880,380,964,384,842,555
717,536,886,380,969,383,844,554
719,536,890,380,974,383,846,554
720,535,893,379,977,383,847,554
721,535,895,379,979,383,848,554
721,535,895,379,979,383,848,554
725,534,904,379,989,383,852,553
727,534,909,379,994,383,854,553
728,534,911,379,995,383,855,553
728,534,912,379,997,383,855,553
729,534,913,379,998,383,856,553
730,534,916,379,1001,383,857,553
732,532,919,377,1004,381,858,552
732,532,919,377,1004,381,858,552
735,530,926,374,1012,378,861,551
737,530,931,373,1016,377,863,550
738,530,933,373,1019,377,864,550
739,529,935,372,1021,376,865,550
739,529,937,372,1022,376,865,550
740,529,938,372,1024,376,865,550
740,529,939,371,1025,376,866,549
741,528,940,371,1026,376,866,549
741,528,940,371,1026,375,867,549
741,528,941,371,1027,375,867,549
741,528,941,371,1027,375,867,549
741,528,941,371,1027,375,867,549
741,528,941,371,1027,375,867,549
741,528,941,371,1027,375,867,549
742,528,942,371,1027,375,867,549
742,528,942,371,1027,375,867,549
741,528,941,371,1027,375,867,549
741,528,939,371,1025,375,866,549
739,529,935,371,1021,375,864,549
738,529,933,371,1019,375,864,549
737,529,931,371,1017,375,863,549
736,529,930,371,1015,374,862,549
736,529,930,371,1015,374,862,549
734,529,924,371,1009,374,860,549
730,529,917,370,1002,374,857,549
729,530,915,370,1000,374,856,549
729,530,913,370,998,374,855,550
728,530,910,370,995,374,854,550
726,530,905,370,990,373,852,550
723,530,901,370,985,373,850,550
722,531,898,370,982,373,849,550
720,531,894,370,978,373,848,550
719,531,891,370,975,373,847,550
719,531,891,370,976,373,847,550
713,532,876,370,960,373,840,551
709,534,868,372,951,374,837,552
704,535,858,372,941,375,833,552
698,536,843,374,926,376,827,553
693,538,832,375,914,377,822,554
693,538,832,375,914,377,822,554
691,538,827,375,909,377,820,554
690,538,825,375,908,377,820,554
688,539,820,377,903,379,818,555
680,542,803,379,885,381,811,557
675,544,791,381,873,383,806,558
670,546,780,384,861,386,801,560
662,549,763,387,843,388,794,561
660,549,757,388,838,389,792,562
657,550,750,388,831,389,790,562
655,551,745,389,825,390,787,563
652,552,739,390,820,391,785,563
651,552,735,390,816,391,784,564
649,553,731,391,811,391,782,564
647,553,728,391,808,392,781,564
647,553,728,391,808,392,781,564
644,554,719,391,800,392,777,565
634,556,696,392,777,392,768,566
634,556,696,392,777,392,768,566
631,557,691,392,771,392,766,566
628,557,683,392,763,392,763,567
625,558,676,392,756,392,760,567
623,559,670,392,750,392,758,567
619,560,661,393,741,392,754,568
615,561,651,393,731,393,750,569
611,562,643,394,723,393,748,569
611,562,643,394,723,393,748,569
606,563,630,394,710,394,742,570
606,563,630,394,710,394,742,570
601,565,618,395,697,394,738,571
598,566,611,395,691,394,735,571
597,566,607,395,687,394,734,572
597,566,608,395,687,394,734,572
592,567,597,396,677,394,730,572
590,568,592,396,672,394,728,573
589,568,588,396,668,394,727,573
589,568,589,396,668,394,727,573
584,570,576,397,656,395,723,574
582,570,570,397,650,395,720,574
582,570,570,397,650,395,720,574
577,572,559,397,639,395,716,575
574,573,550,398,629,395,713,576
574,573,550,398,629,395,713,576
571,574,544,398,623,396,711,576
569,575,538,400,617,398,709,577
569,575,538,400,617,398,709,577
564,578,525,403,605,400,704,579
562,579,520,404,600,401,702,580
562,579,520,404,600,401,702,580
558,580,510,405,590,402,699,581
557,581,507,406,587,403,698,581
556,581,503,406,584,403,697,582
556,581,503,406,584,403,697,582
552,582,494,407,574,404,693,582
551,583,489,407,570,404,692,583
548,584,481,407,562,404,689,584
548,584,481,407,562,404,689,584
548,584,481,407,562,404,689,584
543,586,467,408,548,405,684,585
543,586,467,408,548,405,684,585
538,588,454,409,535,406,680,586
535,590,445,410,526,407,677,587
533,591,439,411,520,407,675,588
533,591,439,411,520,407,675,588
530,592,430,412,512,408,673,589
530,592,430,412,512,408,672,589
524,595,413,414,495,410,667,591
524,595,413,414,495,410,667,591
524,595,413,414,495,410,667,591
518,598,395,417,477,413,662,593
518,598,395,417,477,413,662,593
516,599,389,418,471,414,660,594
516,599,389,418,471,414,660,594
513,601,379,420,462,415,657,595
509,603,368,421,451,416,654,596
507,604,359,422,442,417,651,597
505,605,353,422,436,417,649,598
503,607,345,424,428,419,647,599
503,607,345,424,428,419,647,599
501,608,339,424,423,419,645,599
499,609,334,425,418,420,644,600
498,610,329,426,413,421,642,601
497,610,324,426,409,421,641,601
495,611,318,427,403,421,640,602
494,612,316,427,401,422,639,602
493,612,313,428,398,422,638,602
492,613,309,428,393,422,637,603
491,614,303,428,388,423,636,603
491,614,303,428,388,423,636,603
489,615,299,429,384,423,634,604
489,615,296,429,381,423,634,604
489,615,296,429,381,423,634,604
488,615,294,429,379,424,633,604
487,616,291,430,376,424,633,605
487,616,290,430,376,424,632,605
487,616,290,430,376,424,632,605
487,616,289,430,375,424,632,605
486,617,285,430,371,424,631,605
485,617,282,430,368,424,630,606
484,618,280,431,366,424,630,606
485,618,280,431,366,424,630,606
483,619,274,431,360,425,628,607
482,619,271,431,357,425,628,607
482,620,269,432,356,425,627,607
481,620,268,432,354,425,627,607
481,620,268,432,354,425,627,607
481,620,267,432,353,425,627,607
481,620,265,432,352,426,626,608
481,620,265,432,352,426,626,608
480,620,264,432,351,426,626,608
480,620,264,432,350,426,626,608
480,621,263,432,350,426,626,608
480,621,263,432,350,426,626,608
480,621,263,432,350,426,626,608
480,621,263,432,349,426,626,608
480,621,263,432,349,426,626,608
480,621,262,432,349,426,626,608
480,621,262,432,349,426,626,608
480,621,262,432,349,426,626,608
480,621,262,432,349,426,626,608
480,621,262,432,349,426,626,608
480,621,262,432,349,426,626,608
480,621,262,432,349,426,626,608
480,621,262,432,349,426,626,608
480,621,262,432,349,426,626,608
480,621,262,432,349,426,626,608
480,621,262,432,349,426,626,608
480,621,262,432,349,426,626,608
480,621,262,432,349,426,626,608
480,621,262,432,349,426,626,608
480,621,262,432,349,426,626,608
480,621,262,432,349,426,626,608
480,621,262,432,349,426,626,608
480,621,262,432,349,426,626,608
480,621,262,432,349,426,626,608
480,621,262,432,349,426,626,608
480,621,262,432,349,426,626,608
480,621,262,432,349,426,626,608
480,621,262,432,349,426,626,608
480,621,262,432,349,426,626,608
480,621,262,432,349,426,626,608
480,621,262,432,349,426,626,608
480,621,262,432,349,426,626,608
480,621,262,432,349,426,626,608
480,621,262,432,349,426,626,608
480,621,262,432,349,426,626,608
480,621,262,432,349,426,626,608
480,621,262,432,349,426,626,608
480,621,262,432,349,426,626,608
480,621,262,432,349,426,626,608
480,621,262,432,349,426,626,608
480,621,262,432,349,426,626,608
480,621,262,432,349,426,626,608
480,621,262,432,349,426,626,608
480,621,262,432,349,426,626,608
480,621,262,432,349,426,626,608
480,621,262,432,349,426,626,608
480,621,262,432,349,426,626,608
480,621,262,432,349,426,626,608
480,621,262,432,349,426,626,608
480,621,262,432,349,426,626,608
480,621,262,432,349,426,626,608
480,621,262,432,349,426,626,608
480,621,262,432,349,426,626,608
480,621,262,432,349,426,626,608
480,621,262,432,349,426,626,608
480,621,262,432,349,426,626,608
480,621,262,432,349,426,626,608
480,621,262,432,349,426,626,608
480,621,262,432,349,426,626,608
480,621,262,432,349,426,626,608
480,621,262,432,349,426,626,608
480,621,262,432,349,426,626,608
480,621,262,432,349,426,626,608
480,621,262,432,349,426,626,608
480,621,262,432,349,426,626,608
480,621,262,432,349,426,626,608
480,621,262,432,349,426,626,608
480,621,262,432,349,426,626,608
480,621,262,432,349,426,626,608
480,621,262,432,349,426,626,608
480,621,262,432,349,426,626,608
480,621,262,432,349,426,626,608
480,621,262,432,349,426,626,608
480,621,262,432,349,426,626,608
480,621,262,432,349,426,626,608
480,621,262,432,349,426,626,608
480,621,262,432,349,426,626,608
480,621,262,432,349,426,626,608
480,621,262,432,349,426,626,608
480,621,262,432,349,426,626,608
480,621,262,432,349,426,626,608
480,621,262,432,349,426,626,608
480,621,262,432,349,426,626,608
480,621,262,432,349,426,626,608
480,621,262,432,349,426,626,608
480,621,262,432,349,426,626,608
480,621,262,432,349,426,626,608
480,621,262,432,349,426,626,608
480,621,262,432,349,426,626,608
480,621,262,432,349,426,626,608
480,621,262,432,349,426,626,608
480,621,262,432,349,426,626,608
480,621,262,432,349,426,626,608
480,621,262,432,349,426,626,608
480,621,262,432,349,426,626,608
480,621,262,432,349,426,626,608
480,621,262,432,349,426,626,608
480,621,262,432,349,426,626,608
480,621,262,432,349,426,626,608
480,621,262,432,349,426,626,608
480,621,262,432,349,426,626,608
480,621,262,432,349,426,626,608
480,621,262,432,349,426,626,608
480,621,262,432,349,426,626,608
480,621,262,432,349,426,626,608
480,621,262,432,349,426,626,608
480,621,262,432,349,426,626,608
480,621,262,432,349,426,626,608
480,621,262,432,349,426,626,608
480,621,262,432,349,426,626,608
480,621,262,432,349,426,626,608
480,621,262,432,349,426,626,608
480,621,262,432,349,426,626,608
480,621,262,432,349,426,626,608
480,621,262,432,349,426,626,608
480,621,262,432,349,426,626,608
480,621,262,432,349,426,626,608
480,621,262,432,349,426,626,608
480,621,262,432,349,426,626,608
480,621,262,432,349,426,626,608
480,621,262,432,349,426,626,608
480,621,262,432,349,426,626,608
480,621,262,432,349,426,626,608
480,621,262,432,349,426,626,608
480,621,262,432,349,426,626,608
480,621,262,432,349,426,626,608
480,621,262,432,349,426,626,608
480,621,262,432,349,426,626,608
480,621,262,432,349,426,626,608
480,621,262,432,349,426,626,608
480,621,262,432,349,426,626,608
480,621,262,432,349,426,626,608
480,621,262,432,349,426,626,608
480,621,262,432,349,426,626,608
480,621,262,432,349,426,626,608
480,621,262,432,349,426,626,608
480,621,262,432,349,426,626,608
480,621,262,432,349,426,626,608
480,621,262,432,349,426,626,608
480,621,262,432,349,426,626,608
480,621,262,432,349,426,626,608
480,621,262,432,349,426,626,608
480,621,262,432,349,426,626,608
480,621,262,432,349,426,626,608
480,621,262,432,349,426,626,608
480,621,262,432,349,426,626,608
480,621,262,432,349,426,626,608
480,621,262,432,349,426,626,608
480,621,262,432,349,426,626,608
480,621,262,432,349,426,626,608
480,621,262,432,349,426,626,608
480,621,262,432,349,426,626,608
480,621,262,432,349,426,626,608
480,621,262,432,349,426,626,608
480,621,262,432,349,426,626,608
480,621,262,432,349,426,626,608
480,621,262,432,349,426,626,608
480,621,262,432,349,426,626,608
480,621,262,432,349,426,626,608
480,621,262,432,349,426,626,608
480,621,262,432,349,426,626,608
480,621,262,432,349,426,626,608
480,621,262,432,349,426,626,608
480,621,262,432,349,426,626,608
480,621,262,432,349,426,626,608
480,621,262,432,349,426,626,608
480,621,262,432,349,426,626,608
480,621,262,432,349,426,626,608
480,621,262,432,349,426,626,608
480,621,262,432,349,426,626,608
480,621,262,432,349,426,626,608
480,621,262,432,349,426,626,608
480,621,262,432,349,426,626,608
480,621,262,432,349,426,626,608
480,621,262,432,349,426,626,608
480,621,262,432,349,426,626,608
480,621,262,432,349,426,626,608
480,621,262,432,349,426,626,608
480,621,262,432,349,426,626,608
480,621,262,432,349,426,626,608
480,621,262,432,349,426,626,608
480,621,262,432,349,426,626,608
480,621,262,432,349,426,626,608
480,621,262,432,349,426,626,608
480,621,262,432,349,426,626,608
480,621,262,432,349,426,626,608
480,621,262,432,349,426,626,608
480,621,262,432,349,426,626,608
480,621,262,432,349,426,626,608
480,621,262,432,349,426,626,608
480,621,262,432,349,426,626,608
480,621,262,432,349,426,626,608
480,621,262,432,349,426,626,608
480,621,262,432,349,426,626,608
480,621,262,432,349,426,626,608
480,621,262,432,349,426,626,608
480,621,262,432,349,426,626,608
480,621,262,432,349,426,626,608
480,621,262,432,349,426,626,608
480,621,262,432,349,426,626,608
480,621,262,432,349,426,626,608
480,621,262,432,349,426,626,608
480,621,262,432,349,426,626,608
480,621,262,432,349,426,626,608
480,621,262,432,349,426,626,608
